data min:             -9448
data max:             12518
samples:              16000
lenght in sec:        1.9968125
lenght in samples:    31949
Frame
data min:             -0.7546987293688798
data max:             1.0
samples:              16000
lenght in sec:        1.9968125
lenght in samples:    31949
(31949,)
0 [-0.00108734  0.03054613  0.06904949 ... -0.07266205  0.02255788
  0.05387181]
512 [ 0.00354585  0.00458432  0.04316756 ... -0.14695276 -0.04590141
  0.03541896]
1024 [ 0.02631235 -0.00196605  0.01305186 ... -0.18106258 -0.12993779
 -0.03335986]
1536 [ 0.04660251  0.01225304 -0.00484182 ... -0.03991023 -0.06619157
 -0.01922066]
2048 [ 0.02583306  0.00945715 -0.04358482 ... -0.16484644 -0.20838239
 -0.14703264]
2560 [ 0.02607271  0.01936258 -0.01530642 ... -0.30320291 -0.40649096
 -0.42837877]
3072 [-0.02553138  0.07927444  0.11298485 ... -0.33459673 -0.28371158
 -0.15677831]
3584 [-0.33659379 -0.18321941 -0.06443415 ...  0.14701479  0.03949297
 -0.12075131]
4096 [ 0.04180956  0.25493604  0.43467163 ... -0.01290995  0.05443099
  0.03901367]
4608 [-0.23035008 -0.22811337 -0.15494101 ...  0.00658138  0.04684215
  0.02008152]
5120 [-0.01394842 -0.02473255  0.03454025 ... -0.05796367 -0.00116722
  0.04053144]
5632 [-0.08344618 -0.19847697 -0.23682056 ... -0.08696101 -0.04877718
  0.00985656]
6144 [-0.00995429 -0.12250872 -0.19767814 ... -0.12282825 -0.1230679
 -0.07050522]
6656 [ 0.02040105 -0.05460861 -0.15478125 ... -0.05756426 -0.07002593
 -0.05277131]
7168 [-0.00939512 -0.01618513 -0.10725116 ... -0.02425326 -0.04142799
 -0.04262623]
7680 [-0.01107265  0.01321163 -0.04254635 ... -0.00116722 -0.00987441
 -0.03695458]
8192 [-0.00100746  0.05994288  0.07104655 ...  0.01297198  0.02135964
  0.00234761]
8704 [-0.04174752  0.00074996  0.05642805 ...  0.0033062   0.01808446
  0.01896317]
9216 [-0.02377397 -0.01490701  0.03677696 ...  0.01137433  0.01592763
  0.02024129]
9728 [-0.00604005 -0.02577103 -0.00244534 ...  0.02663188  0.00522338
  0.01520869]
10240 [ 0.00035055 -0.03064386 -0.04206705 ...  0.02447506 -0.00556076
 -0.01378865]
10752 [ 0.026552    0.01169386 -0.01562595 ...  0.05586888  0.01728563
 -0.01746325]
11264 [ 3.10163781e-05  1.03358573e-02 -1.28748598e-04 ...  1.08032140e-01
  8.83810480e-02  3.57384885e-02]
11776 [-0.02161714 -0.00931523 -0.01474724 ...  0.03006683  0.04380662
  0.01624716]
12288 [-0.00316428 -0.01011406 -0.00971465 ...  0.00865833  0.05706711
  0.07312349]
12800 [-0.0249722  -0.04254635 -0.03056398 ...  0.025194    0.05970323
  0.09045799]
13312 [ 0.04460544  0.00801927 -0.00611994 ... -0.08001124 -0.07545793
 -0.02968527]
13824 [ 0.0712862   0.0188034  -0.02593079 ... -0.02577103 -0.04781859
 -0.01890113]
14336 [ 0.01185362  0.01704599  0.00394526 ...  0.03414084 -0.00164652
 -0.01171171]
14848 [ 0.03302248  0.05970323  0.04396638 ...  0.04125038  0.02399576
 -0.00971465]
15360 [0.02239811 0.06146065 0.06377724 ... 0.02527388 0.04284803 0.00977668]
15872 [-0.00460217  0.03957285  0.07456138 ... -0.03335986  0.04692204
  0.05578899]
16384 [-0.00963476  0.01409033  0.06457607 ... -0.08568289  0.01688622
  0.07895491]
16896 [ 0.01065539 -0.01842184  0.00714056 ... -0.03144268  0.00841868
  0.05323275]
17408 [ 0.05674758  0.01049562  0.00386538 ... -0.15821619 -0.11779565
  0.01033586]
17920 [ 0.04931851  0.00274702 -0.02912609 ... -0.0865616  -0.25407518
 -0.32261435]
18432 [ 0.1086712   0.1073132   0.03509943 ... -0.07577746 -0.18186141
 -0.2001545 ]
18944 [-0.30440115 -0.26366108 -0.26238296 ...  0.02056082 -0.09359126
 -0.17499151]
19456 [-0.12594367 -0.0300048   0.01177374 ...  0.07328326 -0.00987441
 -0.12418625]
19968 [-0.15917478 -0.06483356  0.02727094 ...  0.08398751  0.05898429
 -0.0359161 ]
20480 [-0.18042352 -0.13592898 -0.03296045 ...  0.09413259  0.05890441
 -0.02241596]
20992 [-0.14391723 -0.19088813 -0.11220388 ...  0.02255788  0.07679809
  0.06233936]
21504 [-0.08847878 -0.14791135 -0.15669842 ...  0.10307943  0.16259188
  0.17681096]
22016 [-0.0249722  -0.12099095 -0.16764233 ...  0.05722688  0.05842512
  0.09205564]
22528 [0.17760979 0.1478935  0.04812027 ... 0.14797338 0.16259188 0.2126782 ]
23040 [ 0.10252025  0.03653731 -0.08967702 ...  0.05866476  0.04013203
  0.03693673]
23552 [ 0.27953984  0.29727375  0.21163973 ... -0.02233608 -0.04757895
 -0.07521829]
24064 [0.06777137 0.1059552  0.08422716 ... 0.24822591 0.21147996 0.13271583]
24576 [-0.06443415 -0.01227089  0.03054613 ... -0.18961001 -0.19360413
 -0.19584084]
25088 [ 0.05131557  0.00777962 -0.01442771 ...  0.17409496  0.17425472
  0.16187294]
25600 [-0.20311015 -0.17850634 -0.09383091 ... -0.00252522 -0.0153863
 -0.0044424 ]
26112 [ 0.1105085   0.04404627  0.00761985 ...  0.02687153 -0.00332405
 -0.00140687]
26624 [-0.00404299 -0.02888644 -0.05069436 ...  0.05962335  0.022478
  0.00019078]
27136 [ 0.01552822  0.01249268 -0.01506677 ...  0.0758395   0.05187475
  0.01456963]
27648 [0.00809915 0.02040105 0.0078595  ... 0.05131557 0.06737195 0.0516351 ]
28160 [0.00274702 0.01872352 0.02327682 ... 0.03533908 0.0680909  0.06833054]
28672 [0.01768505 0.00793938 0.01017609 ... 0.0096968  0.0502771  0.06992819]
29184 [ 0.04580368  0.00937727  0.0110548  ... -0.00380334  0.01968211
  0.06186006]
29696 [ 0.05602864  0.0201614   0.00218784 ...  0.00937727 -0.0003684
  0.03350178]
30208 [0.07544008 0.04883922 0.01321163 ... 0.03454025 0.00130914 0.00594232]
30720 [ 0.07088678  0.07072702  0.03589825 ...  0.05403158  0.02423541
 -0.00156663]
31232 [ 4.58835644e-02  7.52004375e-02  6.24192394e-02  2.41555277e-02
  2.18784355e-03  1.06553873e-02  2.15992881e-02  7.46008775e-03
 -2.06585480e-02 -1.97798406e-02  2.67117673e-02  7.76767946e-02
  6.64932463e-02 -2.48124374e-02 -1.36727803e-01 -1.81621761e-01
 -1.25863785e-01 -2.13774904e-02  4.74013317e-02  4.49249746e-02
  8.89797254e-03 -4.88661099e-05  3.31822489e-02  7.06471357e-02
  7.02477232e-02  3.52591935e-02  5.22337809e-03  6.26185043e-03
  2.07205807e-02  1.47293942e-02 -1.31495941e-02 -2.49722023e-02
  9.69679741e-03  6.65731288e-02  7.89549144e-02  8.25891263e-03
 -1.06771870e-01 -1.78666109e-01 -1.50467591e-01 -5.16529533e-02
  3.48597811e-02  5.17948685e-02  1.93625785e-02 -2.20569328e-03
  2.09602282e-02  6.28186519e-02  7.55199675e-02  4.72415667e-02
  1.14542121e-02  3.38608087e-03  1.74453987e-02  1.98418734e-02
 -4.20275548e-03 -2.54514973e-02 -4.20275548e-03  5.17149861e-02
  8.41472761e-02  3.70964908e-02 -7.30614601e-02 -1.66523971e-01
 -1.68201503e-01 -8.24875936e-02  1.55282190e-02  5.41913432e-02
  3.00668318e-02 -5.28161037e-04  9.85656239e-03  5.11558086e-02
  7.56797324e-02  5.79458201e-02  1.96821084e-02  1.62866614e-03
  1.25725670e-02  2.19987006e-02  4.26478824e-03 -2.31349051e-02
 -1.62650112e-02  3.43006037e-02  8.06324467e-02  5.93038224e-02
 -3.91114027e-02 -1.47112526e-01 -1.79544816e-01 -1.13641764e-01
 -9.47499968e-03  5.08362787e-02  4.10906152e-02  5.54290804e-03
  2.42749102e-03  3.88539055e-02  7.35229053e-02  6.74518362e-02
  3.06260092e-02  3.54584585e-03  7.77961771e-03  2.14395231e-02
  1.19335071e-02 -1.61851287e-02 -2.31349051e-02  1.71258688e-02
  7.20850205e-02  7.45613776e-02 -5.48087529e-03 -1.20272010e-01
 -1.80663171e-01 -1.40482280e-01 -3.81528128e-02  4.10107327e-02
  4.93185114e-02  1.44098642e-02 -1.80628084e-03  2.60727074e-02
  6.62535989e-02  7.37625527e-02  4.19693225e-02  8.57844258e-03
  4.18490575e-03  1.87235185e-02  1.75252812e-02 -8.51640983e-03
 -2.60106747e-02  9.09723745e-04  5.83452326e-02  8.24697439e-02
  2.52738826e-02 -8.82391328e-02 -1.72994452e-01 -1.61731022e-01
 -6.93069831e-02  2.50342351e-02  5.44309906e-02  2.58330600e-02
 -1.40686840e-03  1.44897467e-02  5.65079353e-02  7.66383223e-02
  5.36321658e-02  1.60873964e-02  2.18784355e-03  1.49690416e-02
  2.13596406e-02  5.90193793e-04 -2.40934950e-02 -1.14720619e-02
  4.23687350e-02  8.34283338e-02  5.11558086e-02 -5.30908381e-02
 -1.55739835e-01 -1.74991515e-01 -9.96623285e-02  2.90678594e-03
  5.38718132e-02  3.74160207e-02  3.22631589e-03  5.70267302e-03
  4.46853271e-02  7.53602025e-02  6.36973592e-02  2.57531775e-02
  2.34760853e-03  9.53703244e-03  2.13596406e-02  8.49856010e-03
 -1.97798406e-02 -2.06585480e-02  2.43152927e-02  7.63986748e-02
  6.90494859e-02 -1.93005457e-02 -1.32414149e-01 -1.80902819e-01
 -1.29218849e-01 -2.52917323e-02  4.61232119e-02  4.66025068e-02
  1.00962099e-02 -9.27573477e-04  3.13449516e-02  6.96885458e-02
  7.09666656e-02  3.64574309e-02  5.30326058e-03  4.98373063e-03
  1.96022259e-02  1.49690416e-02 -1.27501817e-02 -2.57710272e-02
  7.06067531e-03  6.40168892e-02  7.99135043e-02  1.24128020e-02
 -1.02857628e-01 -1.77707519e-01 -1.53503125e-01 -5.60464901e-02
  3.19041291e-02  5.22741635e-02  2.04010508e-02 -2.68498821e-03
  1.88034010e-02  6.06618247e-02  7.52803200e-02  4.82800391e-02
  1.18536246e-02  2.74702097e-03  1.67264564e-02  2.02412858e-02
 -3.08440065e-03 -2.56112622e-02 -6.35958265e-03  4.93185114e-02
  8.40673937e-02  4.10107327e-02 -6.82685108e-02 -1.64287261e-01
 -1.70278448e-01 -8.66414830e-02  1.28122144e-02  5.48304031e-02
  3.26230714e-02  5.90193793e-04  8.97785502e-03  4.99575713e-02
  7.62389098e-02  5.95434699e-02  2.12797582e-02  1.94819609e-03
  1.20932721e-02  2.19188181e-02  5.70267302e-03 -2.20165503e-02
 -1.73034835e-02  3.19041291e-02  8.03129167e-02  6.22594745e-02
 -3.32799811e-02 -1.43198284e-01 -1.79464934e-01 -1.16996828e-01
 -1.26702992e-02  5.03569838e-02  4.28480299e-02  7.14055780e-03
  1.62866614e-03  3.71763733e-02  7.27240804e-02  6.85701910e-02
  3.22236590e-02  4.26478824e-03  7.14055780e-03  2.11998757e-02
  1.30518619e-02 -1.54661863e-02 -2.34544351e-02  1.52086891e-02
  7.05672532e-02  7.67182048e-02 -2.08631086e-04 -1.14999766e-01
 -1.79864346e-01 -1.43677579e-01 -4.26262322e-02  3.89337880e-02
  4.99575713e-02  1.56081015e-02 -2.52522323e-03  2.37561153e-02
  6.44163016e-02  7.35229053e-02  4.29279124e-02  8.73820756e-03
  3.38608087e-03  1.80045762e-02  1.87235185e-02 -7.15840753e-03
 -2.59307922e-02 -4.48278549e-04  5.60286404e-02  8.31088038e-02
  2.94277719e-02 -8.32065360e-02 -1.70917508e-01 -1.64047614e-01
 -7.38602849e-02  2.16791706e-02  5.40315782e-02  2.66318849e-02
 -1.88616333e-03  1.26524495e-02  5.43511082e-02  7.57596149e-02
  5.45907556e-02  1.67264564e-02  1.70854862e-03  1.38506868e-02
  2.11199932e-02  1.70854862e-03 -2.41733775e-02 -1.36288891e-02
  3.92533179e-02  8.19904490e-02  5.36321658e-02 -4.89369487e-02
 -1.53503125e-01 -1.77467872e-01 -1.05174220e-01 -2.12581080e-03
  5.20345160e-02  3.75757857e-02  2.82690345e-03  3.46596336e-03
  4.23687350e-02  7.42418476e-02  6.48955966e-02  2.73508272e-02
  2.90678594e-03  9.53703244e-03  2.19987006e-02  1.03358573e-02
 -1.81023084e-02 -2.12177254e-02  2.23182305e-02  7.54400850e-02
  7.16057255e-02 -1.41081840e-02 -1.27860847e-01 -1.80902819e-01
 -1.33133091e-01 -2.91260917e-02  4.47652096e-02  4.77208617e-02
  1.21731545e-02 -8.47690989e-04  2.98271844e-02  6.89696034e-02
  7.24844329e-02  3.88539055e-02  6.98079283e-03  5.46302556e-03
  2.04010508e-02  1.67264564e-02 -1.03537070e-02 -2.53716148e-02
  5.38314307e-03  6.27387694e-02  8.13513891e-02  1.68862213e-02
 -9.76652663e-02 -1.76029987e-01 -1.56378895e-01 -6.03601445e-02
  2.99070669e-02  5.30729883e-02  2.19987006e-02 -2.68498821e-03
  1.72057513e-02  5.87446450e-02  7.54400850e-02  4.97179239e-02
  1.29719794e-02  2.18784355e-03  1.56081015e-02  2.02412858e-02
 -2.12581080e-03 -2.52917323e-02 -8.35664485e-03  4.68421543e-02
  8.39076287e-02  4.43657972e-02 -6.34755615e-02 -1.61411492e-01
 -1.72035863e-01 -9.11947848e-02  9.29738498e-03  5.43511082e-02
  3.39810737e-02  1.30913618e-03  7.69973522e-03  4.82001566e-02
  7.60791449e-02  6.11411196e-02  2.28774079e-02  2.42749102e-03
  1.16938596e-02  2.23981130e-02  6.90091034e-03 -2.06585480e-02
 -1.80224259e-02  2.99070669e-02  7.94342094e-02  6.52151265e-02
 -2.84071493e-02 -1.39204160e-01 -1.80103994e-01 -1.20911070e-01
 -1.68241886e-02  4.91587464e-02  4.39663847e-02  8.17903014e-03
  4.30428818e-04  3.49396636e-02  7.16057255e-02  6.95287809e-02
  3.34218963e-02  4.50443570e-03  6.66126287e-03  2.09602282e-02
  1.36110393e-02 -1.39484190e-02 -2.41733775e-02  1.26524495e-02
  6.91293684e-02  7.83158545e-02  4.34467073e-03 -1.11005642e-01
 -1.78905757e-01 -1.46792996e-01 -4.66203566e-02  3.66171958e-02
  5.11558086e-02  1.73655163e-02 -2.68498821e-03  2.20785830e-02
  6.35375943e-02  7.45613776e-02  4.54841520e-02  1.00163274e-02
  3.30619838e-03  1.82442236e-02  1.94424609e-02 -5.64064026e-03
 -2.55313798e-02 -2.44534075e-03  5.44309906e-02  8.39875112e-02
  3.35816613e-02 -7.78544093e-02 -1.68600916e-01 -1.66364206e-01
 -7.83337043e-02  1.88832835e-02  5.41913432e-02  2.87887120e-02
 -9.27573477e-04  1.12944472e-02  5.29132234e-02  7.63187923e-02
  5.63481704e-02  1.87235185e-02  2.02807858e-03  1.36909218e-02
  2.18389356e-02  3.22631589e-03 -2.31349051e-02 -1.44277139e-02
  3.73361382e-02  8.15910365e-02  5.66677003e-02 -4.39043520e-02
 -1.50227943e-01 -1.78346579e-01 -1.09088462e-01 -5.72052275e-03
  5.15552211e-02  3.93332004e-02  4.18490575e-03  2.66713848e-03
  4.03716728e-02  7.34430228e-02  6.57743039e-02  2.83892996e-02
  3.14643341e-03  8.73820756e-03  2.15194056e-02  1.09749172e-02
 -1.72236010e-02 -2.20964328e-02  1.95223434e-02  7.34430228e-02
  7.30436103e-02 -1.00341771e-02 -1.24745430e-01 -1.81461996e-01
 -1.36887568e-01 -3.41586884e-02  4.26882649e-02  4.83599216e-02
  1.28920969e-02 -1.80628084e-03  2.75105922e-02  6.75317187e-02
  7.30436103e-02  4.05314377e-02  7.69973522e-03  4.98373063e-03
  1.96022259e-02  1.72856338e-02 -9.31523471e-03 -2.55313798e-02
  3.94525829e-03  6.09813547e-02  8.26295089e-02  2.16791706e-02
 -9.23131396e-02 -1.74112807e-01 -1.58695487e-01 -6.41945039e-02
  2.77502397e-02  5.40315782e-02  2.42354102e-02 -1.56663338e-03
  1.60873964e-02  5.83452326e-02  7.62389098e-02  5.16351036e-02
  1.47293942e-02  2.18784355e-03  1.54483365e-02  2.08803457e-02
 -6.87926013e-04 -2.48124374e-02 -1.01140596e-02  4.44456797e-02
  8.35082162e-02  4.77208617e-02 -5.82033173e-02 -1.58855252e-01
 -1.73553630e-01 -9.58279691e-02  5.86243800e-03  5.41114607e-02
  3.55787235e-02  1.94819609e-03  6.34173292e-03  4.61232119e-02
  7.55998499e-02  6.21795920e-02  2.36762328e-02  2.18784355e-03
  1.02559748e-02  2.17590531e-02  7.46008775e-03 -2.05786655e-02
 -1.97798406e-02  2.69514148e-02  7.77566771e-02  6.74518362e-02
 -2.37739650e-02 -1.35928978e-01 -1.80583289e-01 -1.24905195e-01
 -2.08183130e-02  4.80403916e-02  4.53243870e-02  9.53703244e-03
 -4.88661099e-05  3.31822489e-02  7.04074882e-02  7.02477232e-02
  3.52591935e-02  5.06361312e-03  5.86243800e-03  2.04010508e-02
  1.45696292e-02 -1.32294766e-02 -2.49722023e-02  1.03358573e-02
  6.68926588e-02  7.95140918e-02  8.65832507e-03 -1.06292575e-01
 -1.77867284e-01 -1.49668766e-01 -5.08541284e-02  3.52591935e-02
  5.24339284e-02  1.95223434e-02 -2.04592831e-03  2.09602282e-02
  6.24991219e-02  7.55998499e-02  4.72415667e-02  1.14542121e-02
  3.38608087e-03  1.76051637e-02  1.99217559e-02 -4.20275548e-03
 -2.52118498e-02 -4.20275548e-03  5.21143985e-02  8.41472761e-02
  3.75757857e-02 -7.29016951e-02 -1.66124558e-01 -1.67881973e-01
 -8.23278287e-02  1.60075140e-02  5.47505206e-02  3.07058917e-02
 -4.88661099e-05  1.02559748e-02  5.17149861e-02  7.64785573e-02
  5.82653501e-02  2.00016384e-02  2.18784355e-03  1.30518619e-02
  2.22383480e-02  4.50443570e-03 -2.21763153e-02 -1.57857162e-02
  3.43804862e-02  8.15111540e-02  5.98629998e-02 -3.83125778e-02
 -1.46233819e-01 -1.78506344e-01 -1.12683174e-01 -8.75605729e-03
  5.14753386e-02  4.14101451e-02  5.94232048e-03  2.42749102e-03
  3.90935530e-02  7.34430228e-02  6.75317187e-02  3.07058917e-02
  3.86537580e-03  8.33879512e-03  2.18389356e-02  1.23329195e-02
 -1.59454812e-02 -2.25757277e-02  1.75252812e-02  7.28039629e-02
  7.55199675e-02 -4.12287299e-03 -1.18993891e-01 -1.80024111e-01
 -1.39603572e-01 -3.77534004e-02  4.14900276e-02  4.98776888e-02
  1.50489241e-02 -1.64651587e-03  2.63123549e-02  6.62535989e-02
  7.32033753e-02  4.16497926e-02  7.85950019e-03  3.30619838e-03
  1.84838711e-02  1.71258688e-02 -9.15546973e-03 -2.65698521e-02
  4.30428818e-04  5.75464077e-02  8.20703315e-02  2.50342351e-02
 -8.84787802e-02 -1.73553630e-01 -1.61970669e-01 -6.96265131e-02
  2.37561153e-02  5.33126358e-02  2.52738826e-02 -2.28557577e-03
  1.38506868e-02  5.61884054e-02  7.58394974e-02  5.31528708e-02
  1.53684541e-02  1.78843111e-03  1.47293942e-02  2.11998757e-02
  5.10311305e-04 -2.42532599e-02 -1.14720619e-02  4.19693225e-02
  8.30289213e-02  5.06765137e-02 -5.35701330e-02 -1.56059365e-01
 -1.75710457e-01 -1.00141623e-01  2.50737350e-03  5.34724008e-02
  3.66970783e-02  2.90678594e-03  4.82396565e-03  4.45255621e-02
  7.49607900e-02  6.36174768e-02  2.58330600e-02  2.74702097e-03
  9.85656239e-03  2.19987006e-02  9.13762000e-03 -1.94603107e-02
 -2.00993706e-02  2.47945876e-02  7.70377347e-02  6.97684283e-02
 -1.83419558e-02 -1.31615324e-01 -1.80503406e-01 -1.28659672e-01
 -2.48923198e-02  4.66823893e-02  4.67622718e-02  1.08151522e-02
 -3.68396061e-04  3.16644816e-02  7.00879583e-02  7.16057255e-02
  3.70964908e-02]
31744 [ 1.60873964e-02  5.83452326e-02  7.62389098e-02  5.16351036e-02
  1.47293942e-02  2.18784355e-03  1.54483365e-02  2.08803457e-02
 -6.87926013e-04 -2.48124374e-02 -1.01140596e-02  4.44456797e-02
  8.35082162e-02  4.77208617e-02 -5.82033173e-02 -1.58855252e-01
 -1.73553630e-01 -9.58279691e-02  5.86243800e-03  5.41114607e-02
  3.55787235e-02  1.94819609e-03  6.34173292e-03  4.61232119e-02
  7.55998499e-02  6.21795920e-02  2.36762328e-02  2.18784355e-03
  1.02559748e-02  2.17590531e-02  7.46008775e-03 -2.05786655e-02
 -1.97798406e-02  2.69514148e-02  7.77566771e-02  6.74518362e-02
 -2.37739650e-02 -1.35928978e-01 -1.80583289e-01 -1.24905195e-01
 -2.08183130e-02  4.80403916e-02  4.53243870e-02  9.53703244e-03
 -4.88661099e-05  3.31822489e-02  7.04074882e-02  7.02477232e-02
  3.52591935e-02  5.06361312e-03  5.86243800e-03  2.04010508e-02
  1.45696292e-02 -1.32294766e-02 -2.49722023e-02  1.03358573e-02
  6.68926588e-02  7.95140918e-02  8.65832507e-03 -1.06292575e-01
 -1.77867284e-01 -1.49668766e-01 -5.08541284e-02  3.52591935e-02
  5.24339284e-02  1.95223434e-02 -2.04592831e-03  2.09602282e-02
  6.24991219e-02  7.55998499e-02  4.72415667e-02  1.14542121e-02
  3.38608087e-03  1.76051637e-02  1.99217559e-02 -4.20275548e-03
 -2.52118498e-02 -4.20275548e-03  5.21143985e-02  8.41472761e-02
  3.75757857e-02 -7.29016951e-02 -1.66124558e-01 -1.67881973e-01
 -8.23278287e-02  1.60075140e-02  5.47505206e-02  3.07058917e-02
 -4.88661099e-05  1.02559748e-02  5.17149861e-02  7.64785573e-02
  5.82653501e-02  2.00016384e-02  2.18784355e-03  1.30518619e-02
  2.22383480e-02  4.50443570e-03 -2.21763153e-02 -1.57857162e-02
  3.43804862e-02  8.15111540e-02  5.98629998e-02 -3.83125778e-02
 -1.46233819e-01 -1.78506344e-01 -1.12683174e-01 -8.75605729e-03
  5.14753386e-02  4.14101451e-02  5.94232048e-03  2.42749102e-03
  3.90935530e-02  7.34430228e-02  6.75317187e-02  3.07058917e-02
  3.86537580e-03  8.33879512e-03  2.18389356e-02  1.23329195e-02
 -1.59454812e-02 -2.25757277e-02  1.75252812e-02  7.28039629e-02
  7.55199675e-02 -4.12287299e-03 -1.18993891e-01 -1.80024111e-01
 -1.39603572e-01 -3.77534004e-02  4.14900276e-02  4.98776888e-02
  1.50489241e-02 -1.64651587e-03  2.63123549e-02  6.62535989e-02
  7.32033753e-02  4.16497926e-02  7.85950019e-03  3.30619838e-03
  1.84838711e-02  1.71258688e-02 -9.15546973e-03 -2.65698521e-02
  4.30428818e-04  5.75464077e-02  8.20703315e-02  2.50342351e-02
 -8.84787802e-02 -1.73553630e-01 -1.61970669e-01 -6.96265131e-02
  2.37561153e-02  5.33126358e-02  2.52738826e-02 -2.28557577e-03
  1.38506868e-02  5.61884054e-02  7.58394974e-02  5.31528708e-02
  1.53684541e-02  1.78843111e-03  1.47293942e-02  2.11998757e-02
  5.10311305e-04 -2.42532599e-02 -1.14720619e-02  4.19693225e-02
  8.30289213e-02  5.06765137e-02 -5.35701330e-02 -1.56059365e-01
 -1.75710457e-01 -1.00141623e-01  2.50737350e-03  5.34724008e-02
  3.66970783e-02  2.90678594e-03  4.82396565e-03  4.45255621e-02
  7.49607900e-02  6.36174768e-02  2.58330600e-02  2.74702097e-03
  9.85656239e-03  2.19987006e-02  9.13762000e-03 -1.94603107e-02
 -2.00993706e-02  2.47945876e-02  7.70377347e-02  6.97684283e-02
 -1.83419558e-02 -1.31615324e-01 -1.80503406e-01 -1.28659672e-01
 -2.48923198e-02  4.66823893e-02  4.67622718e-02  1.08151522e-02
 -3.68396061e-04  3.16644816e-02  7.00879583e-02  7.16057255e-02
  3.70964908e-02]
